latitude=13.343141
longitude=74.795197
